Left:
('D = ', [-0.06251889132583144, 0.133410700949649, -0.0069414289779198435, 0.007855345361104375, 0.0])
('K = ', [591.5662355530393, 0.0, 230.474798684769, 0.0, 557.0830919560502, 317.46354086336225, 0.0, 0.0, 1.0])
('R = ', [0.9834227221554517, 0.024950316945590325, -0.17960298224883672, -0.023700653063745438, 0.9996776761422667, 0.009100706958783506, 0.17977215744578842, -0.004693134039452204, 0.9836970803556216])
('P = ', [656.2048941932536, 0.0, 359.92692375183105, 0.0, 0.0, 656.2048941932536, 311.3909912109375, 0.0, 0.0, 0.0, 1.0, 0.0])

Right:
('D = ', [-0.05894210574472962, 0.11949526587822652, -0.017469756395328204, 0.0028980651509386613, 0.0])
('K = ', [590.4129891772808, 0.0, 235.70363290856974, 0.0, 556.6614190789735, 320.4456892402324, 0.0, 0.0, 1.0])
('R = ', [0.9784992893753078, -0.014965404604882162, -0.20570653212046908, 0.01353266359940005, 0.9998733952319037, -0.008370216444688794, 0.20580575236839926, 0.005406493543660036, 0.9785779284858409])
('P = ', [656.2048941932536, 0.0, 359.92692375183105, -58.568586177129745, 0.0, 656.2048941932536, 311.3909912109375, 0.0, 0.0, 0.0, 1.0, 0.0])
('self.T ', [-0.08733449028065346, 0.0013357148004119032, 0.018360028796353445])
('self.R ', [0.9989558459376633, 0.036976295118058916, 0.02683228403080509, -0.03744303437419309, 0.9991523471949126, 0.017105737977347588, -0.026177032754316893, -0.0180925590848528, 0.9994935829018317])
# oST version 5.0 parameters


[image]

width
480

height
640

[narrow_stereo/left]

camera matrix
591.566236 0.000000 230.474799
0.000000 557.083092 317.463541
0.000000 0.000000 1.000000

distortion
-0.062519 0.133411 -0.006941 0.007855 0.000000

rectification
0.983423 0.024950 -0.179603
-0.023701 0.999678 0.009101
0.179772 -0.004693 0.983697

projection
656.204894 0.000000 359.926924 0.000000
0.000000 656.204894 311.390991 0.000000
0.000000 0.000000 1.000000 0.000000

# oST version 5.0 parameters


[image]

width
480

height
640

[narrow_stereo/right]

camera matrix
590.412989 0.000000 235.703633
0.000000 556.661419 320.445689
0.000000 0.000000 1.000000

distortion
-0.058942 0.119495 -0.017470 0.002898 0.000000

rectification
0.978499 -0.014965 -0.205707
0.013533 0.999873 -0.008370
0.205806 0.005406 0.978578

projection
656.204894 0.000000 359.926924 -58.568586
0.000000 656.204894 311.390991 0.000000
0.000000 0.000000 1.000000 0.000000
