image_width: 480
image_height: 640
camera_name: camera_right
camera_matrix:
  rows: 3
  cols: 3
  data: [590.4129891772808, 0, 235.7036329085697, 0, 556.6614190789735, 320.4456892402324, 0, 0, 1]
distortion_model: plumb_bob
distortion_coefficients:
  rows: 1
  cols: 5
  data: [-0.05894210574472962, 0.1194952658782265, -0.0174697563953282, 0.002898065150938661, 0]
rectification_matrix:
  rows: 3
  cols: 3
  data: [0.9784992893753078, -0.01496540460488216, -0.2057065321204691, 0.01353266359940005, 0.9998733952319037, -0.008370216444688794, 0.2058057523683993, 0.005406493543660036, 0.9785779284858409]
projection_matrix:
  rows: 3
  cols: 4
  data: [656.2048941932536, 0, 359.9269237518311, -58.56858617712975, 0, 656.2048941932536, 311.3909912109375, 0, 0, 0, 1, 0]