image_width: 480
image_height: 640
camera_name: camera_left
camera_matrix:
  rows: 3
  cols: 3
  data: [591.5662355530393, 0, 230.474798684769, 0, 557.0830919560502, 317.4635408633623, 0, 0, 1]
distortion_model: plumb_bob
distortion_coefficients:
  rows: 1
  cols: 5
  data: [-0.06251889132583144, 0.133410700949649, -0.006941428977919844, 0.007855345361104375, 0]
rectification_matrix:
  rows: 3
  cols: 3
  data: [0.9834227221554517, 0.02495031694559032, -0.1796029822488367, -0.02370065306374544, 0.9996776761422667, 0.009100706958783506, 0.1797721574457884, -0.004693134039452204, 0.9836970803556216]
projection_matrix:
  rows: 3
  cols: 4
  data: [656.2048941932536, 0, 359.9269237518311, 0, 0, 656.2048941932536, 311.3909912109375, 0, 0, 0, 1, 0]